1
1
1
1
1
1
1
1
1
1
1
1
1
1
1
1
1
1
1
1
1
1
1
1
1
1
1
1
1
1
1
1
1
1
1
1
1
1
1
1
1
1
1
1
1
1
1
1
1
1
1
1
1
1
1
1
1
1
1
1
1
1
1
1
1
1
1
1
1
4
2
2
5
1
1
18
19
1
1
1
1
1
1
1
1
1
1
1
1
3
1
1
3
1
1
17
16
1
1
1
1
1
1
1
1
1
1
1
1
3
1
1
3
1
1
1
1
1
1
1
1
1
1
1
1
1
1
1
1
3
1
1
3
1
1
1
1
1
1
1
1
1
1
14
14
14
14
4
2
3
2
2
6
14
14
1
1
1
1
1
1
1
13
0
0
0
0
3
0
3
0
0
0
0
0
8
14
14
1
1
1
1
13
0
4
2
2
6
0
7
2
2
2
2
2
5
0
0
15
1
1
14
11
0
3
0
0
0
0
0
0
0
0
0
0
3
0
0
8
14
13
0
0
0
3
0
0
0
0
0
0
0
0
0
0
3
0
0
0
0
2
2
2
2
6
0
0
0
0
0
0
0
0
4
2
6
0
0
0
0
13
0
0
0
0
0
0
0
0
0
0
0
0
3
0
0
9
10
0
0
11
0
0
0
0
0
0
0
0
0
0
0
0
3
0
0
8
11
0
0
0
0
0
0
0
9
10
0
0
0
0
0
0
3
0
0
0
0
0
0
0
0
0
0
0
8
11
0
0
0
0
0
0
3
0
0
0
0
0
0
0
0
0
0
0
0
0
0
0
0
0
0
0
3
0
0
0
0
0
0
0
0
0
0
0
0
0
0
0
0
0
0
0
7
2
2
2
2
2
2
0
0
0
0
0
0
0
0
0
0
0
0
0
0
0
0
0
0
0
0
0
12
19
18
